   1.271228909492493
  -1.283763051033020
  -0.925897955894470
  -0.585330724716187
   0.242573738098145
   0.742021977901459
   0.301936864852905
   1.094974398612976
  -0.587975442409515
   0.844491124153137
  -0.174823999404907
   1.210558533668518
  -1.104079961776733
  -0.343422025442123
   0.503661870956421
   0.541827976703644
   0.740090012550354
   0.395721882581711
   1.002792835235596
  -0.289114296436310
   1.183815956115723
  -1.048722624778748
  -0.184602007269859
   0.637674152851105
   0.375339746475220
   0.994070351123810
  -0.270844280719757
   1.195521831512451
  -1.082234740257263
  -0.281068295240402
   0.564730405807495
   0.469190925359726
   0.861222922801971
   0.102370388805866
   1.243695259094238
  -1.134777903556824
  -0.429700672626495
   0.401066899299622
   0.645893275737762
   0.536270678043365
   0.791147232055664
   0.284601688385010
   1.123946785926819
  -0.683178424835205
   0.683758199214935
   0.140511095523834
   1.177486777305603
  -0.898911833763123
   0.221986547112465
   0.661337196826935
   0.454282313585281
   0.909479737281799
  -0.021730056032538
   1.272182822227478
  -1.272347807884216
  -0.884761691093445
  -0.477628886699677
   0.415190398693085
   0.615375041961670
   0.594396114349365
   0.689983069896698
   0.511811554431915
   0.840263426303864
   0.165083795785904
   1.213925361633301
  -1.013535499572754
  -0.073978275060654
   0.688277482986450
   0.314590275287628
   1.067929387092590
  -0.502285361289978
   0.967171967029572
  -0.460275858640671
   0.993556201457977
  -0.520098268985748
   0.919363737106323
  -0.339351028203964
   1.114586353302002
  -0.841029167175293
   0.344113826751709
   0.581911206245422
   0.629165232181549
   0.620384931564331
   0.649921119213104
   0.594759047031403
   0.699742674827576
   0.492931962013245
   0.869748115539551
   0.088833086192608
   1.249876618385315
  -1.160418272018433
  -0.510235786437988
   0.287397742271423
   0.731292843818665
   0.337514400482178
   1.059905529022217
  -0.471505314111710
   1.006727457046509
  -0.560351848602295
   0.862426340579987
  -0.209396421909332
   1.197342276573181
  -1.069898843765259
  -0.243354260921478
   0.596120536327362
   0.429490149021149
   0.920589685440063
  -0.057632468640804
   1.271526813507080
  -1.280782341957092
  -0.915106713771820
  -0.556623101234436
   0.291706979274750
   0.713882923126221
   0.374031722545624
   1.018305301666260
  -0.339514434337616
   1.144113540649414
  -0.934448421001434
   0.120762668550014
   0.699248373508453
   0.351701200008392
   1.036603331565857
  -0.398854702711105
   1.088261842727661
  -0.777695775032043
   0.479743540287018
   0.444475859403610
   0.867340743541718
   0.080150805413723
   1.251208424568176
  -1.167686343193054
  -0.533525466918945
   0.251184880733490
   0.751610994338989
   0.284468740224838
   1.112191796302795
  -0.646418213844299
   0.748658418655396
   0.021389331668615
   1.223957061767578
  -1.090882420539856
  -0.298847138881683
   0.547701835632324
   0.490377634763718
   0.827652215957642
   0.188101828098297
   1.198760390281677
  -0.955406486988068
   0.081705935299397
   0.704031825065613
   0.330586642026901
   1.058207035064697
  -0.468546986579895
   1.010111331939697
  -0.569018959999084
   0.849737823009491
  -0.181581810116768
   1.208760619163513
  -1.100017666816711
  -0.331426233053207
   0.516214013099670
   0.527504444122314
   0.765298902988434
   0.338295966386795
   1.069367885589600
  -0.499477952718735
   0.971540868282318
  -0.471291691064835
   0.980500042438507
  -0.487319976091385
   0.961676955223083
  -0.440947592258453
   1.016294360160828
  -0.578280210494995
   0.836717128753662
  -0.153617829084396
   1.217977285385132
  -1.122941493988037
  -0.400003433227539
   0.439113706350327
   0.610049784183502
   0.610709071159363
   0.660863161087036
   0.571776568889618
   0.740559101104736
   0.403734087944031
   0.993966042995453
  -0.262035667896271
   1.202062010765076
  -1.101544976234436
  -0.338143289089203
   0.509459257125854
   0.535188794136047
   0.751839935779572
   0.369188040494919
   1.034732222557068
  -0.388182669878006
   1.099459528923035
  -0.808790564537048
   0.414038807153702
   0.517363429069519
   0.749480783939362
   0.368799000978470
   1.034426450729370
  -0.387413620948792
   1.100202918052673
  -0.810849130153656
   0.409594029188156
   0.521871089935303
   0.741589009761810
   0.386625379323959
   1.013205885887146
  -0.321233034133911
   1.159494876861572
  -0.978569626808167
   0.007210554555058
   0.706356346607208
   0.303648173809052
   1.082823753356934
  -0.550415754318237
   0.900706648826599
  -0.300906181335449
   1.143449664115906
  -0.920739829540253
   0.156168326735497
   0.689634084701538
   0.381017267704010
   1.003646373748779
  -0.295923262834549
   1.178495049476624
  -1.033167839050293
  -0.140861570835114
   0.662270843982697
   0.343697786331177
   1.033301830291748
  -0.391688406467438
   1.095202803611755
  -0.796763360500336
   0.439796239137650
   0.490181982517242
   0.795549154281616
   0.260996758937836
   1.143297672271729
  -0.751682341098785
   0.551952421665192
   0.347983241081238
   0.996056437492371
  -0.284584820270538
   1.185433030128479
  -1.052727460861206
  -0.195899233222008
   0.630454659461975
   0.384767919778824
   0.981871485710144
  -0.234269887208939
   1.217726111412048
  -1.146280646324158
  -0.474225223064423
   0.341270416975021
   0.694680750370026
   0.426767230033875
   0.953421831130981
  -0.144588291645050
   1.256758451461792
  -1.254595041275024
  -0.826584637165070
  -0.332917541265488
   0.596856892108917
   0.401391327381134
   0.953496038913727
  -0.152399167418480
   1.253533124923706
  -1.245603203773499
  -0.796078324317932
  -0.260917931795120
   0.665867090225220
   0.300994038581848
   1.072923779487610
  -0.521333396434784
   0.941373229026794
  -0.397056996822357
   1.061696052551270
  -0.697194993495941
   0.637995600700378
   0.220987766981125
   1.123028874397278
  -0.699375033378601
   0.652133047580719
   0.194798976182938
   1.142514586448669
  -0.769035696983337
   0.514772117137909
   0.398302823305130
   0.932328462600708
  -0.097440056502819
   1.266406178474426
  -1.274530410766602
  -0.894277036190033
  -0.501983106136322
   0.378935039043427
   0.648376584053040
   0.525131464004517
   0.808444678783417
   0.242523521184921
   1.160188674926758
  -0.811695814132690
   0.425666481256485
   0.502822518348694
   0.773737251758575
   0.312709689140320
   1.095218896865845
  -0.585493326187134
   0.848642230033875
  -0.183919087052345
   1.207235932350159
  -1.095561742782593
  -0.318186968564987
   0.529591321945190
   0.511890172958374
   0.792033255100250
   0.275323688983917
   1.131485581398010
  -0.709766387939453
   0.634169995784760
   0.224029868841171
   1.119985818862915
  -0.688906550407410
   0.671566605567932
   0.161925643682480
   1.164762139320374
  -0.850761473178864
   0.336115539073944
   0.586608469486237
   0.619081377983093
   0.639416098594666
   0.613330304622650
   0.665181159973145
   0.564546704292297
   0.753356158733368
   0.374800294637680
   1.029341459274292
  -0.370921283960342
   1.116186738014221
  -0.855498373508453
   0.310227572917938
   0.608612895011902
   0.574494779109955
   0.720521926879883
   0.445535868406296
   0.938253462314606
  -0.098786622285843
   1.267813682556152
  -1.279928088188171
  -0.913158178329468
  -0.551379442214966
   0.300425559282303
   0.708228468894958
   0.387905091047287
   1.001810073852539
  -0.288701266050339
   1.183855175971985
  -1.048728704452515
  -0.184608116745949
   0.637669146060944
   0.375346839427948
   0.994061410427094
  -0.270817279815674
   1.195539593696594
  -1.082286119461060
  -0.281218647956848
   0.564596652984619
   0.469357281923294
   0.860964238643646
   0.103043995797634
   1.243423938751221
  -1.133631110191345
  -0.426140129566193
   0.405677109956741
   0.641754448413849
   0.545114874839783
   0.776516020298004
   0.319366484880447
   1.090161919593811
  -0.568024277687073
   0.875336349010468
  -0.243106499314308
   1.179859876632690
  -1.021829009056091
  -0.107830382883549
   0.677172958850861
   0.325662374496460
   1.054673552513123
  -0.459572106599808
   1.020712971687317
  -0.596468567848206
   0.808129251003265
  -0.093242608010769
   1.230266928672791
  -1.146952152252197
  -0.472618877887726
   0.343198329210281
   0.693315207958221
   0.429999142885208
   0.949135601520538
  -0.132201999425888
   1.260272383689880
  -1.263261675834656
  -0.856080353260040
  -0.405001491308212
   0.513539195060730
   0.509288072586060
   0.790937662124634
   0.276971071958542
   1.129883170127869
  -0.704199075698853
   0.644710063934326
   0.206828787922859
   1.133523583412170
  -0.736777365207672
   0.580079853534698
   0.307877093553543
   1.041320323944092
  -0.425724089145660
   1.058658719062805
  -0.696778833866119
   0.637896597385406
   0.221289455890656
   1.122812390327454
  -0.698603868484497
   0.653577446937561
   0.192389965057373
   1.144253730773926
  -0.775326251983643
   0.501693010330200
   0.415027886629105
   0.909360468387604
  -0.033202681690454
   1.271264791488647
  -1.272520661354065
  -0.885652959346771
  -0.479889810085297
   0.411892175674438
   0.618515849113464
   0.587981045246124
   0.701544344425201
   0.487364053726196
   0.877930104732513
   0.067143432796001
   1.257067441940308
  -1.192162990570068
  -0.612633407115936
   0.116903521120548
   0.797076940536499
   0.145606741309166
   1.209441184997559
  -1.004165172576904
  -0.048854403197765
   0.695408999919891
   0.308312535285950
   1.075543403625488
  -0.527017295360565
   0.933816909790039
  -0.378924816846848
   1.079127430915833
  -0.743999838829041
   0.548788130283356
   0.355164289474487
   0.988038063049316
  -0.260157614946365
   1.201656699180603
  -1.099617600440979
  -0.332325428724289
   0.515498459339142
   0.528268218040466
   0.763955295085907
   0.341401696205139
   1.066009402275085
  -0.488505959510803
   0.985709547996521
  -0.506824433803558
   0.936093449592590
  -0.378826647996902
   1.079914569854736
  -0.746349692344666
   0.544121384620667
   0.361599773168564
   0.980180263519287
  -0.236574754118919
   1.215699434280396
  -1.140067577362061
  -0.454945892095566
   0.368213653564453
   0.673702418804169
   0.475039154291153
   0.886183619499207
   0.043061770498753
   1.263259053230286
  -1.221234321594238
  -0.709000885486603
  -0.070125445723534
   0.780415117740631
   0.126295506954193
   1.211793780326843
  -1.017933130264282
  -0.087124854326248
   0.683993041515350
   0.318877458572388
   1.062841892242432
  -0.485822796821594
   0.988419294357300
  -0.513508617877960
   0.927358210086823
  -0.358043134212494
   1.098734617233276
  -0.797517776489258
   0.439171940088272
   0.490723878145218
   0.794617712497711
   0.263232946395874
   1.141377091407776
  -0.744868457317352
   0.565652489662170
   0.328591614961624
   1.018534302711487
  -0.353799492120743
   1.130316615104675
  -0.894801735877991
   0.218156784772873
   0.664930164813995
   0.446462064981461
   0.920419335365295
  -0.052101828157902
   1.272325396537781
  -1.281967282295227
  -0.919118523597717
  -0.567280590534210
   0.273734271526337
   0.724913179874420
   0.346421509981155
   1.049462914466858
  -0.437994927167892
   1.046263456344604
  -0.663932621479034
   0.696749925613403
   0.121175572276115
   1.188468098640442
  -0.941086292266846
   0.116639666259289
   0.698627352714539
   0.351679652929306
   1.036438226699829
  -0.398381978273392
   1.088739991188049
  -0.779011249542236
   0.477020084857941
   0.447729200124741
   0.862460017204285
   0.092946559190750
   1.246643304824829
  -1.147883415222168
  -0.470697879791260
   0.345455884933472
   0.691714942455292
   0.433779388666153
   0.944084107875824
  -0.117678903043270
   1.263837575912476
  -1.271503210067749
  -0.884257316589355
  -0.476126343011856
   0.417347967624664
   0.613311052322388
   0.598593771457672
   0.682353019714355
   0.527730226516724
   0.814807057380676
   0.228844314813614
   1.171124458312988
  -0.851492226123810
   0.336282730102539
   0.586231827735901
   0.619749963283539
   0.638143539428711
   0.615806937217712
   0.660537600517273
   0.573908209800720
   0.737042367458344
   0.411648422479630
   0.983876526355743
  -0.231723695993423
   1.219988703727722
  -1.153238534927368
  -0.495946168899536
   0.309680789709091
   0.716953098773956
   0.373273789882660
   1.020019292831421
  -0.344632953405380
   1.139725208282471
  -0.921952843666077
   0.151921704411507
   0.691101849079132
   0.376906037330627
   1.008449077606201
  -0.310685545206070
   1.167399048805237
  -1.001154422760010
  -0.053014524281025
   0.695718944072723
   0.306460857391357
   1.077230095863342
  -0.532656311988831
   0.925957202911377
  -0.360152333974838
   1.096193552017212
  -0.790342092514038
   0.454361200332642
   0.473875641822815
   0.821927011013031
   0.196373075246811
   1.192590713500977
  -0.932269752025604
   0.140999555587769
   0.692485809326172
   0.370948642492294
   1.015101671218872
  -0.331319361925125
   1.150848984718323
  -0.953630566596985
   0.072078928351402
   0.706637322902679
   0.322552859783173
   1.066334724426270
  -0.495131790637970
   0.976682722568512
  -0.484012335538864
   0.965029716491699
  -0.448998987674713
   1.007268786430359
  -0.555126249790192
   0.870749413967133
  -0.228024244308472
   1.188431739807129
  -1.045725226402283
  -0.174428209662437
   0.643687129020691
   0.367605179548264
   1.003919124603271
  -0.300713509321213
   1.174575686454773
  -1.021693348884583
  -0.109027512371540
   0.676850199699402
   0.325915068387985
   1.054346203804016
  -0.458529770374298
   1.021954536437988
  -0.599706470966339
   0.803079366683960
  -0.082823000848293
   1.231320261955261
  -1.147456288337708
  -0.473922222852707
   0.341319948434830
   0.694724321365356
   0.426697343587875
   0.953518450260162
  -0.144867211580276
   1.256674408912659
  -1.254382967948914
  -0.825864970684052
  -0.331189006567001
   0.598679900169373
   0.398858636617661
   0.956880450248718
  -0.162210687994957
   1.250226855278015
  -1.236957311630249
  -0.767020702362061
  -0.194736257195473
   0.716802716255188
   0.222250536084175
   1.145887374877930
  -0.771605849266052
   0.510240375995636
   0.404034912586212
   0.924530208110809
  -0.075448080897331
   1.269389748573303
  -1.278524875640869
  -0.907659292221069
  -0.536940991878510
   0.324074327945709
   0.691883862018585
   0.427037715911865
   0.952259480953217
  -0.141406044363976
   1.257683873176575
  -1.256898045539856
  -0.834404647350311
  -0.351792961359024
   0.576417028903961
   0.429302871227264
   0.914903759956360
  -0.043077591806650
   1.271873235702515
  -1.277649402618408
  -0.903781235218048
  -0.526843547821045
   0.340275853872299
   0.679844200611115
   0.455019354820251
   0.914093613624573
  -0.033288177102804
   1.272676706314087
  -1.277574896812439
  -0.903273642063141
  -0.525537073612213
   0.342353016138077
   0.678251028060913
   0.458671659231186
   0.908943772315979
  -0.019048798829317
   1.272175192832947
  -1.271516203880310
  -0.881802260875702
  -0.470060169696808
   0.426120132207870
   0.604772210121155
   0.615786850452423
   0.650560855865479
   0.592214882373810
   0.704162418842316
   0.483481854200363
   0.883992135524750
   0.051025617867708
   1.261552572250366
  -1.212813138961792
  -0.680816233158112
  -0.012758987955749
   0.795527219772339
   0.110163323581219
   1.221667766571045
  -1.056411981582642
  -0.195908471941948
   0.629344224929810
   0.386723637580872
   0.979426026344299
  -0.226968392729759
   1.221707344055176
  -1.157686829566956
  -0.509822130203247
   0.288807898759842
   0.730279386043549
   0.340011209249496
   1.057233095169067
  -0.462835192680359
   1.017266988754272
  -0.587615549564362
   0.821771264076233
  -0.121715888381004
   1.225790739059448
  -1.140102863311768
  -0.452031135559082
   0.371904134750366
   0.670752882957458
   0.481698036193848
   0.876379668712616
   0.069251552224159
   1.256199836730957
  -1.188477754592896
  -0.600611150264740
   0.138429418206215
   0.792988836765289
   0.161165013909340
   1.201532840728760
  -0.972804129123688
   0.035572841763496
   0.706387162208557
   0.312095910310745
   1.075550794601440
  -0.525904536247253
   0.935459434986115
  -0.382889449596405
   1.075391769409180
  -0.733921289443970
   0.568520903587341
   0.327321201562881
   1.020561456680298
  -0.359967589378357
   1.124761104583740
  -0.879112839698792
   0.255453199148178
   0.644907236099243
   0.494368463754654
   0.851311922073364
   0.133685752749443
   1.230372905731201
  -1.079238772392273
  -0.261546999216080
   0.580458819866180
   0.449830472469330
   0.890851199626923
   0.023886943235993
   1.266456604003906
  -1.238311171531677
  -0.766843378543854
  -0.194761618971825
   0.716842055320740
   0.222163975238800
   1.145953059196472
  -0.771842598915100
   0.509748518466949
   0.404666244983673
   0.923667848110199
  -0.073027342557907
   1.269634127616882
  -1.278667330741882
  -0.908095955848694
  -0.538093805313110
   0.322208285331726
   0.693226397037506
   0.423874497413635
   0.956430494785309
  -0.153500661253929
   1.253941774368286
  -1.247368216514587
  -0.802115917205811
  -0.274956405162811
   0.653523802757263
   0.319582372903824
   1.053071141242981
  -0.456667661666870
   1.023957848548889
  -0.604885816574097
   0.794945776462555
  -0.066180050373077
   1.232352018356323
  -1.146022081375122
  -0.469007641077042
   0.348237931728363
   0.689520180225372
   0.438858062028885
   0.937221109867096
  -0.098079353570938
   1.267699003219604
  -1.279308915138245
  -0.910974144935608
  -0.545616090297699
   0.309932082891464
   0.701834142208099
   0.403380006551743
   0.982748627662659
  -0.231098815798759
   1.220055222511292
  -1.153278231620789
  -0.496054381132126
   0.309518605470657
   0.717061221599579
   0.373008072376251
   1.020329356193542
  -0.345598369836807
   1.138885259628296
  -0.919562995433807
   0.157831028103828
   0.689256191253662
   0.382245570421219
   1.002220511436462
  -0.291550666093826
   1.181663632392883
  -1.042325735092163
  -0.166521012783051
   0.648481369018555
   0.361304372549057
   1.011787176132202
  -0.324807286262512
   1.155836462974548
  -0.967783272266388
   0.035504698753357
   0.707900226116180
   0.309079587459564
   1.078627824783325
  -0.536089301109314
   0.921239912509918
  -0.348982959985733
   1.105867266654968
  -0.816814243793488
   0.397700458765030
   0.533523797988892
   0.720803439617157
   0.432676494121552
   0.954148530960083
  -0.144756242632866
   1.256908416748047
  -1.255173087120056
  -0.828570783138275
  -0.337693274021149
   0.591777324676514
   0.408411443233490
   0.944013297557831
  -0.125102117657661
   1.261293292045593
  -1.264735698699951
  -0.860990941524506
  -0.417248249053955
   0.497968167066574
   0.527664303779602
   0.759588956832886
   0.350533753633499
   1.055853247642517
  -0.455596387386322
   1.026160717010498
  -0.610887050628662
   0.785392045974731
  -0.046843051910400
   1.232545614242554
  -1.140889048576355
  -0.452515274286270
   0.371055185794830
   0.671490669250488
   0.480056941509247
   0.878810644149780
   0.062785677611828
   1.258124351501465
  -1.197191953659058
  -0.629138708114624
   0.086700685322285
   0.800734579563141
   0.128363996744156
   1.217152118682861
  -1.035533785820007
  -0.136116683483124
   0.663401007652283
   0.343023747205734
   1.034288883209229
  -0.394747763872147
   1.092130541801453
  -0.788273096084595
   0.457714885473251
   0.470213979482651
   0.827772796154022
   0.181773275136948
   1.202073693275452
  -0.968441665172577
   0.047591146081686
   0.706296622753143
   0.315880447626114
   1.072196364402771
  -0.514682948589325
   0.950800955295563
  -0.420036315917969
   1.038237571716309
  -0.635123074054718
   0.746737420558929
   0.028799599036574
   1.222860097885132
  -1.084901690483093
  -0.280958324670792
   0.564016878604889
   0.470351457595825
   0.859482407569885
   0.106911428272724
   1.241842627525330
  -1.126968979835510
  -0.405529946088791
   0.431672960519791
   0.617462873458862
   0.595737338066101
   0.688374698162079
   0.515317618846893
   0.834739267826080
   0.179089784622192
   1.205519437789917
  -0.980861008167267
   0.014732186682522
   0.705437839031219
   0.307720094919205
   1.079063057899475
  -0.537811875343323
   0.918780624866486
  -0.343164533376694
   1.110767602920532
  -0.830275893211365
   0.368129014968872
   0.561190664768219
   0.669529736042023
   0.540779113769531
   0.791440069675446
   0.285305410623550
   1.123473167419434
  -0.681477129459381
   0.686866462230682
   0.135057106614113
   1.180523395538330
  -0.910572528839111
   0.193357765674591
   0.674486160278320
   0.421103119850159
   0.954086899757385
  -0.148063600063324
   1.255534052848816
  -1.251331090927124
  -0.815501093864441
  -0.306458175182343
   0.623866379261017
   0.363169580698013
   1.002510905265808
  -0.298088490962982
   1.176353812217712
  -1.026758193969727
  -0.123019203543663
   0.670785367488861
   0.333160012960434
   1.045841813087463
  -0.431351125240326
   1.053263187408447
  -0.682514011859894
   0.663823425769806
   0.178319633007050
   1.154629945755005
  -0.812942564487457
   0.421163141727448
   0.507787466049194
   0.765361607074738
   0.332246482372284
   1.075065612792969
  -0.518398582935333
   0.946287751197815
  -0.409164279699326
   1.049504756927490
  -0.664793610572815
   0.696120679378510
   0.122144319117069
   1.187949299812317
  -0.939069628715515
   0.121792308986187
   0.697512388229370
   0.355404734611511
   1.032416224479675
  -0.385615140199661
   1.101546168327332
  -0.814450085163116
   0.401803344488144
   0.529640674591064
   0.727814078330994
   0.417293548583984
   0.974556744098663
  -0.204477116465569
   1.233831763267517
  -1.192620277404785
  -0.621130824089050
   0.102089010179043
   0.799069702625275
   0.136709362268448
   1.213555693626404
  -1.020791530609131
  -0.094754770398140
   0.681192696094513
   0.321940690279007
   1.059253692626953
  -0.474243521690369
   1.002906441688538
  -0.550422906875610
   0.876720428466797
  -0.241221070289612
   1.181553483009338
  -1.026862382888794
  -0.121758840978146
   0.671185970306396
   0.332785487174988
   1.046311140060425
  -0.432838141918182
   1.051604986190796
  -0.678073704242706
   0.671783983707428
   0.164766669273376
   1.163527965545654
  -0.845886230468750
   0.347325474023819
   0.577345132827759
   0.637539267539978
   0.604164719581604
   0.680240750312805
   0.533430933952332
   0.805704236030579
   0.251206248998642
   1.153364896774292
  -0.786988914012909
   0.478917300701141
   0.442796826362610
   0.869178533554077
   0.075179204344749
   1.252840876579285
  -1.174900650978088
  -0.556695878505707
   0.213655382394791
   0.769083142280579
   0.236012175679207
   1.152742505073547
  -0.789537727832794
   0.473104983568192
   0.449779033660889
   0.858709812164307
   0.102598153054714
   1.242876052856445
  -1.131857752799988
  -0.420679956674576
   0.412682414054871
   0.635366559028625
   0.558637797832489
   0.753703296184540
   0.372295200824738
   1.032065749168396
  -0.379535019397736
   1.107954144477844
  -0.832447826862335
   0.362229108810425
   0.566571772098541
   0.659263730049133
   0.561491370201111
   0.756397545337677
   0.367455273866653
   1.037886500358582
  -0.397855162620544
   1.089761734008789
  -0.781969428062439
   0.470861852169037
   0.455013930797577
   0.851405799388885
   0.121655605733395
   1.234701633453369
  -1.097786664962769
  -0.316779285669327
   0.530175268650055
   0.511446058750153
   0.792844653129578
   0.273390114307404
   1.133214354515076
  -0.715827643871307
   0.622591376304626
   0.242583677172661
   1.104391813278198
  -0.634778678417206
   0.767195999622345
  -0.014459189027548
   1.229866147041321
  -1.121936798095703
  -0.393279194831848
   0.446883022785187
   0.602430045604706
   0.625974178314209
   0.632147848606110
   0.628336966037750
   0.636914074420929
   0.620577752590179
   0.651910781860352
   0.591190576553345
   0.706264436244965
   0.479023933410645
   0.890629827976227
   0.033197097480297
   1.265646100044250
  -1.232644915580750
  -0.747485041618347
  -0.152020916342735
   0.743399977684021
   0.180692791938782
   1.177310109138489
  -0.886274874210358
   0.253516644239426
   0.644138574600220
   0.495174676179886
   0.849964439868927
   0.137137040495872
   1.228660106658936
  -1.072306752204895
  -0.241180434823036
   0.596872806549072
   0.428885877132416
   0.921541512012482
  -0.060268502682447
   1.271377205848694
  -1.281040549278259
  -0.916077673435211
  -0.559189796447754
   0.287406176328659
   0.716599822044373
   0.367300420999527
   1.026106476783752
  -0.363862186670303
   1.122478008270264
  -0.873098313808441
   0.269522488117218
   0.636371195316315
   0.513901114463806
   0.821179270744324
   0.210100784897804
   1.184554457664490
  -0.901406705379486
   0.217818677425385
   0.663155019283295
   0.449661195278168
   0.915873229503632
  -0.039454918354750
   1.272582650184631
  -1.279089689254761
  -0.908723831176758
  -0.539817512035370
   0.319418728351593
   0.695215106010437
   0.419171959161758
   0.962577342987061
  -0.171425610780716
   1.247631788253784
  -1.230646848678589
  -0.745998799800873
  -0.148313954472542
   0.745404541492462
   0.177626714110374
   1.179449677467346
  -0.894254148006439
   0.234268218278885
   0.654889523983002
   0.469848066568375
   0.887406766414642
   0.038467343896627
   1.264150381088257
  -1.225766420364380
  -0.724259555339813
  -0.102102600038052
   0.768127202987671
   0.143342062830925
   1.201672434806824
  -0.978620648384094
   0.019724013283849
   0.705869138240814
   0.308365464210510
   1.078635811805725
  -0.536327660083771
   0.920884430408478
  -0.348137676715851
   1.106585502624512
  -0.818785369396210
   0.393402367830276
   0.537692785263062
   0.713261783123016
   0.449068516492844
   0.931650996208191
  -0.080442458391190
   1.270435929298401
  -1.283743143081665
  -0.926064252853394
  -0.585755944252014
   0.241826683282852
   0.742401003837585
   0.300925046205521
   1.095942020416260
  -0.591246962547302
   0.839380443096161
  -0.163757428526878
   1.214271068572998
  -1.113363146781921
  -0.371127158403397
   0.473161548376083
   0.575227260589600
   0.678707480430603
   0.527666807174683
   0.813807070255280
   0.231105312705040
   1.169368624687195
  -0.845060586929321
   0.351032227277756
   0.573968768119812
   0.644093453884125
   0.591391682624817
   0.703586280345917
   0.484370380640030
   0.882615327835083
   0.054697372019291
   1.260596036911011
  -1.208334088325500
  -0.665920972824097
   0.016668740659952
   0.799834728240967
   0.109370790421963
   1.223203659057617
  -1.061906814575195
  -0.211743429303169
   0.618658542633057
   0.400643229484558
   0.960876584053040
  -0.172404363751411
   1.246650338172913
  -1.227513194084167
  -0.735508978366852
  -0.125616788864136
   0.757255911827087
   0.159503847360611
   1.191558718681335
  -0.939885914325714
   0.120727874338627
   0.697628915309906
   0.354857832193375
   1.032994985580444
  -0.387452751398087
   1.099730968475342
  -0.809407293796539
   0.412723034620285
   0.518701374530792
   0.747145354747772
   0.374093770980835
   1.028218984603882
  -0.367899864912033
   1.118975281715393
  -0.863317906856537
   0.292247653007507
   0.621432423591614
   0.547024726867676
   0.767499268054962
   0.339430242776871
   1.068951725959778
  -0.497891843318939
   0.973630726337433
  -0.476507067680359
   0.974206626415253
  -0.471662074327469
   0.980810821056366
  -0.488284438848495
   0.960452854633331
  -0.437942892313004
   1.019624233245850
  -0.586869895458221
   0.823704481124878
  -0.125945672392845
   1.224904060363770
  -1.138329625129700
  -0.446640849113464
   0.379217863082886
   0.664679110050201
   0.495247721672058
   0.856025278568268
   0.122683331370354
   1.235735893249512
  -1.101055502891541
  -0.326531738042831
   0.520411193370819
   0.522881567478180
   0.773356139659882
   0.319552868604660
   1.089047193527222
  -0.564567446708679
   0.880483210086823
  -0.254721194505692
   1.173308968544006
  -1.003731846809387
  -0.058475971221924
   0.694093227386475
   0.307985633611679
   1.075430750846863
  -0.526776134967804
   0.934138894081116
  -0.379694491624832
   1.078406572341919
  -0.742053389549255
   0.552621424198151
   0.349837362766266
   0.994445800781250
  -0.279540210962296
   1.188933968544006
  -1.062851667404175
  -0.224834948778152
   0.610373437404633
   0.410971492528915
   0.946655452251434
  -0.131327718496323
   1.259850859642029
  -1.261512160301208
  -0.850022852420807
  -0.390008032321930
   0.532044351100922
   0.486697912216187
   0.827988505363464
   0.186218425631523
   1.199848294258118
  -0.959624767303467
   0.070722907781601
   0.705110132694244
   0.325164467096329
   1.063508391380310
  -0.485920786857605
   0.988485872745514
  -0.513722300529480
   0.927070915699005
  -0.357361376285553
   1.099331259727478
  -0.799149334430695
   0.435703873634338
   0.494482189416885
   0.788393497467041
   0.278154611587524
   1.128200054168701
  -0.698523104190826
   0.655351698398590
   0.189162880182266
   1.146509885787964
  -0.783529996871948
   0.484465986490250
   0.436350792646408
   0.878776967525482
   0.049756698310375
   1.260167121887207
  -1.208302617073059
  -0.665943145751953
   0.016636844724417
   0.799829542636871
   0.109372839331627
   1.223201513290405
  -1.061898827552795
  -0.211720302700996
   0.618674635887146
   0.400622278451920
   0.960904896259308
  -0.172486826777458
   1.246619105339050
  -1.227428913116455
  -0.735228717327118
  -0.125014454126358
   0.757551312446594
   0.159058079123497
   1.191846132278442
  -0.940978646278381
   0.117936700582504
   0.698233723640442
   0.352838546037674
   1.035177111625671
  -0.394376754760742
   1.092806935310364
  -0.790230810642242
   0.453591465950012
   0.474887460470200
   0.820352077484131
   0.200297683477402
   1.189938783645630
  -0.922246754169464
   0.166226923465729
   0.684642016887665
   0.393639504909515
   0.988459706306458
  -0.249781772494316
   1.209190607070923
  -1.121933221817017
  -0.399470627307892
   0.440012514591217
   0.609103381633759
   0.612594068050385
   0.657350957393646
   0.578823804855347
   0.728153467178345
   0.431356668472290
   0.957950055599213
  -0.155328631401062
   1.253607273101807
  -1.246742248535156
  -0.800030529499054
  -0.270091056823730
   0.657862007617950
   0.313077300786972
   1.060134291648865
  -0.479515403509140
   0.996131241321564
  -0.533043026924133
   0.901050567626953
  -0.296561896800995
   1.147186636924744
  -0.931420624256134
   0.129593864083290
   0.697061419487000
   0.358625680208206
   1.029061079025269
  -0.374965697526932
   1.111879348754883
  -0.843275666236877
   0.338004410266876
   0.587071537971497
   0.618887126445770
   0.639891684055328
   0.612420201301575
   0.666885614395142
   0.561095058917999
   0.759306967258453
   0.361162632703781
   1.045178294181824
  -0.421007961034775
   1.065406680107117
  -0.715430319309235
   0.603045225143433
   0.276241928339005
   1.074080109596252
  -0.532234728336334
   0.925640702247620
  -0.359205394983292
   1.097052335739136
  -0.792694985866547
   0.449404209852219
   0.479441702365875
   0.813011169433594
   0.218450471758842
   1.177094459533691
  -0.874236762523651
   0.283122450113297
   0.625507354736328
   0.537173509597778
   0.783674657344818
   0.301347702741623
   1.107967734336853
  -0.628225207328796
   0.779856622219086
  -0.039914455264807
   1.231726527214050
  -1.135984659194946
  -0.437127649784088
   0.391691774129868
   0.654070258140564
   0.518576443195343
   0.819730937480927
   0.214830607175827
   1.181306242942810
  -0.889229059219360
   0.247372224926949
   0.647561073303223
   0.487142175436020
   0.862037837505341
   0.105789721012115
   1.242943286895752
  -1.131134271621704
  -0.418367654085159
   0.415615648031235
   0.632658779621124
   0.564324736595154
   0.743950247764587
   0.394450664520264
   1.005357265472412
  -0.296705335378647
   1.178359508514404
  -1.032955169677734
  -0.140287086367607
   0.662560820579529
   0.343332290649414
   1.033740401268005
  -0.393067210912704
   1.093819618225098
  -0.792938053607941
   0.447894841432571
   0.481264859437943
   0.810106217861176
   0.225598528981209
   1.171779274940491
  -0.854613780975342
   0.329023182392120
   0.592057108879089
   0.607962667942047
   0.660151064395905
   0.572269618511200
   0.739555776119232
   0.405961036682129
   0.991140604019165
  -0.253515273332596
   1.207364201545715
  -1.116874217987061
  -0.384161978960037
   0.458325147628784
   0.590664684772491
   0.649058878421783
   0.587410986423492
   0.711645305156708
   0.467208623886108
   0.907896101474762
  -0.013822875916958
   1.272101283073425
  -1.269685149192810
  -0.875310122966766
  -0.453540474176407
   0.449428409337997
   0.581157624721527
   0.661986649036407
   0.560830414295197
   0.758252918720245
   0.363322645425797
   1.042671203613281
  -0.413031727075577
   1.073968052864075
  -0.738679826259613
   0.558283388614655
   0.342043578624725
   1.003693699836731
  -0.307748377323151
   1.168515443801880
  -1.003924131393433
  -0.060454480350018
   0.693706095218658
   0.308144241571426
   1.075177788734436
  -0.525966942310333
   0.935255646705627
  -0.382374465465546
   1.075882434844971
  -0.735244572162628
   0.565946340560913
   0.331013262271881
   1.016386270523071
  -0.346953481435776
   1.136388421058655
  -0.912016153335571
   0.176433667540550
   0.682814776897430
   0.400199681520462
   0.980620741844177
  -0.226203948259354
   1.222550749778748
  -1.160343647003174
  -0.518191099166870
   0.275966078042984
   0.737922489643097
   0.320448368787766
   1.077614784240723
  -0.529620587825775
   0.930587291717529
  -0.371275961399078
   1.086192011833191
  -0.763121128082275
   0.510562181472778
   0.406120419502258
   0.922261357307434
  -0.068956293165684
   1.270021438598633
  -1.278823137283325
  -0.908537626266479
  -0.539263784885406
   0.320311129093170
   0.694581985473633
   0.420671552419662
   0.960624217987061
  -0.165716975927353
   1.249740362167358
  -1.236306428909302
  -0.764912903308868
  -0.190020382404327
   0.719975292682648
   0.217283695936203
   1.149895548820496
  -0.785978555679321
   0.480101466178894
   0.441510051488876
   0.871126890182495
   0.070046126842499
   1.254469037055969
  -1.182155728340149
  -0.580148339271545
   0.174152359366417
   0.783494830131531
   0.192835897207260
   1.182988524436951
  -0.901395797729492
   0.217376410961151
   0.663427770137787
   0.449021965265274
   0.916759312152863
  -0.041920103132725
   1.272567510604858
  -1.279775381088257
  -0.911184787750244
  -0.546293437480927
   0.308833450078964
   0.702582597732544
   0.401578813791275
   0.985002994537354
  -0.237849608063698
   1.216299533843994
  -1.142493247985840
  -0.462517291307449
   0.357760876417160
   0.682054817676544
   0.456049978733063
   0.913442254066467
  -0.031312454491854
   1.272660017013550
  -1.276922702789307
  -0.900946199893951
  -0.519462466239929
   0.351938396692276
   0.670756340026855
   0.475701838731766
   0.884417772293091
   0.047637838870287
   1.262148261070251
  -1.215934157371521
  -0.691249787807465
  -0.033737022429705
   0.791031599044800
   0.113855503499508
   1.219161152839661
  -1.046738862991333
  -0.168178796768188
   0.646380603313446
   0.364615321159363
   1.007792115211487
  -0.312518328428268
   1.165602803230286
  -0.995837330818176
  -0.038687944412231
   0.699153363704681
   0.304052025079727
   1.080319285392761
  -0.542710065841675
   0.911747872829437
  -0.326610893011093
   1.124179840087891
  -0.867275714874268
   0.284219920635223
   0.626723945140839
   0.535369932651520
   0.786747813224792
   0.294050008058548
   1.114972829818726
  -0.652215182781219
   0.738953351974487
   0.039862565696239
   1.219461321830750
  -1.069961547851563
  -0.236906394362450
   0.600437045097351
   0.424193590879440
   0.928214848041534
  -0.078957848250866
   1.269736409187317
  -1.280810117721558
  -0.915743470191956
  -0.558263599872589
   0.288955390453339
   0.715627610683441
   0.369714587926865
   1.023323893547058
  -0.355154126882553
   1.130409002304077
  -0.895500540733337
   0.216433003544807
   0.665769279003143
   0.444381684064865
   0.923265695571899
  -0.060072857886553
   1.271927475929260
  -1.282941222190857
  -0.922735214233398
  -0.576898753643036
   0.257242381572723
   0.734287261962891
   0.322323828935623
   1.074836492538452
  -0.520685732364655
   0.942891836166382
  -0.400868743658066
   1.057893514633179
  -0.687054812908173
   0.656506001949310
   0.190483376383781
   1.146154284477234
  -0.781992495059967
   0.487729132175446
   0.432370662689209
   0.884596586227417
   0.034195628017187
   1.263741850852966
  -1.225602149963379
  -0.723818302154541
  -0.101158745586872
   0.768528163433075
   0.142762631177902
   1.202024817466736
  -0.979980349540710
   0.016101365908980
   0.705642938613892
   0.307725667953491
   1.079119801521301
  -0.537981688976288
   0.918541908264160
  -0.342601448297501
   1.111236572265625
  -0.831565856933594
   0.365268498659134
   0.563740730285645
   0.664655506610870
   0.550648510456085
   0.774897336959839
   0.324542313814163
   1.085010409355164
  -0.550783932209015
   0.900794982910156
  -0.301239430904388
   1.143195271492004
  -0.920025408267975
   0.157933115959167
   0.689072370529175
   0.382630914449692
   1.001752734184265
  -0.290122687816620
   1.182686209678650
  -1.045282125473022
  -0.174854755401611
   0.643611490726471
   0.367613524198532
   1.003887891769409
  -0.300623208284378
   1.174642324447632
  -1.021885395050049
  -0.109556958079338
   0.676630556583405
   0.326172441244125
   1.054045319557190
  -0.457564413547516
   1.023102283477783
  -0.602702915668488
   0.798379540443420
  -0.073184713721275
   1.232015490531921
  -1.146962404251099
  -0.472127199172974
   0.343845546245575
   0.692840158939362
   0.431115180253983
   0.947647631168365
  -0.127915889024734
   1.261386871337891
  -1.265910387039185
  -0.865124702453613
  -0.427590161561966
   0.484495908021927
   0.543092131614685
   0.732420086860657
   0.411912798881531
   0.982185006141663
  -0.226988494396210
   1.222522258758545
  -1.160481452941895
  -0.518647432327271
   0.275262326002121
   0.738328695297241
   0.319397717714310
   1.078677773475647
  -0.533144712448120
   0.925662755966187
  -0.359535574913025
   1.096726655960083
  -0.791793763637543
   0.451305687427521
   0.477314323186874
   0.816431164741516
   0.210010513663292
   1.183183193206787
  -0.896888315677643
   0.228782847523689
   0.657655298709869
   0.463120162487030
   0.897024214267731
   0.012422624975443
   1.268891215324402
  -1.250392079353333
  -0.808205127716064
  -0.289591372013092
   0.640130043029785
   0.339449524879456
   1.030722618103027
  -0.385509908199310
   1.101151704788208
  -0.813202083110809
   0.404528826475143
   0.526938378810883
   0.732628941535950
   0.406638294458389
   0.988292098045349
  -0.245418295264244
   1.212165474891663
  -1.130708694458008
  -0.426253378391266
   0.406418681144714
   0.640877366065979
   0.546912312507629
   0.773504912853241
   0.326439887285233
   1.082863330841064
  -0.543698251247406
   0.911008059978485
  -0.325019448995590
   1.125409722328186
  -0.870671689510345
   0.276326030492783
   0.631900012493134
   0.523881137371063
   0.805337965488434
   0.249167397618294
   1.154683232307434
  -0.791860520839691
   0.468544661998749
   0.455094099044800
   0.850608527660370
   0.123579412698746
   1.233801960945129
  -1.094100356101990
  -0.305737257003784
   0.540904521942139
   0.498670041561127
   0.814130842685699
   0.221668377518654
   1.175447583198547
  -0.867847323417664
   0.298211723566055
   0.615143477916718
   0.559701442718506
   0.745971083641052
   0.388848423957825
   1.012107014656067
  -0.317450314760208
   1.162547469139099
  -0.987358331680298
  -0.016062824055552
   0.703431308269501
   0.302439302206039
   1.082972049713135
  -0.551228046417236
   0.899498343467712
  -0.298104584217072
   1.145436644554138
  -0.926266551017761
   0.142473384737968
   0.693701922893524
   0.369030714035034
   1.017453432083130
  -0.338586866855621
   1.144738554954529
  -0.936172962188721
   0.116433836519718
   0.700168550014496
   0.348599761724472
   1.039920091629028
  -0.409427404403687
   1.077292919158936
  -0.747612297534943
   0.540694057941437
   0.366426229476929
   0.974232733249664
  -0.218853309750557
   1.225214362144470
  -1.167266368865967
  -0.539950788021088
   0.241654500365257
   0.756259083747864
   0.271797418594360
   1.123454332351685
  -0.685470283031464
   0.679219007492065
   0.148485064506531
   1.172898769378662
  -0.881422638893127
   0.264201432466507
   0.637849867343903
   0.509666979312897
   0.827690362930298
   0.193800225853920
   1.195725202560425
  -0.943522214889526
   0.112389720976353
   0.699259281158447
   0.349167943000793
   1.039092183113098
  -0.406847208738327
   1.079993128776550
  -0.754993379116058
   0.525976955890656
   0.386189520359039
   0.948993802070618
  -0.144968077540398
   1.255276083946228
  -1.249495744705200
  -0.809152603149414
  -0.291467845439911
   0.638319313526154
   0.342127472162247
   1.027624130249023
  -0.375777661800385
   1.110594868659973
  -0.839522659778595
   0.346460849046707
   0.580094039440155
   0.632825493812561
   0.613372862339020
   0.663130879402161
   0.568372249603271
   0.746673464775085
   0.389981895685196
   1.011081814765930
  -0.314206451177597
   1.165108561515808
  -0.994731068611145
  -0.035753283649683
   0.699791073799133
   0.303683459758759
   1.080824255943298
  -0.544348478317261
   0.909405887126923
  -0.321131229400635
   1.128446340560913
  -0.879086971282959
   0.256622433662415
   0.644076824188232
   0.496217787265778
   0.848498106002808
   0.140936687588692
   1.226741075515747
  -1.064570069313049
  -0.218610882759094
   0.613721966743469
   0.407100230455399
   0.952093780040741
  -0.146945521235466
   1.255397915840149
  -1.250517129898071
  -0.812690973281860
  -0.299808412790298
   0.630353569984436
   0.353773593902588
   1.013888001441956
  -0.333024352788925
   1.148899078369141
  -0.947864055633545
   0.086844950914383
   0.705081939697266
   0.330056726932526
   1.059012174606323
  -0.471092492341995
   1.007004261016846
  -0.561008393764496
   0.861478686332703
  -0.207306265830994
   1.198277354240417
  -1.072407960891724
  -0.250599145889282
   0.590357720851898
   0.436889111995697
   0.909886360168457
  -0.027983725070953
   1.271869540214539
  -1.273108124732971
  -0.887565135955811
  -0.484813064336777
   0.404669284820557
   0.625295937061310
   0.574007749557495
   0.726309955120087
   0.433665692806244
   0.954600691795349
  -0.145667761564255
   1.256673455238342
  -1.254619717597961
  -0.826696872711182
  -0.333184748888016
   0.596574008464813
   0.401783794164658
   0.952969908714294
  -0.150877177715302
   1.254021525382996
  -1.246861100196838
  -0.800321161746979
  -0.270777881145477
   0.657254755496979
   0.313989281654358
   1.059151411056519
  -0.476325601339340
   1.000104904174805
  -0.543191432952881
   0.886951804161072
  -0.264314323663712
   1.168278694152832
  -0.990119457244873
  -0.021987559273839
   0.702287316322327
   0.302913278341293
   1.082227110862732
  -0.548827767372131
   0.902971446514130
  -0.306148737668991
   1.139673590660095
  -0.910242855548859
   0.181943193078041
   0.680582463741302
   0.406113475561142
   0.973275303840637
  -0.204336702823639
   1.233527660369873
  -1.191527724266052
  -0.617575347423553
   0.108582645654678
   0.798221111297607
   0.140555068850517
   1.211808323860168
  -1.013704657554626
  -0.075093485414982
   0.687993943691254
   0.314802020788193
   1.067657709121704
  -0.501409590244293
   0.968321084976196
  -0.463126897811890
   0.990215182304382
  -0.511674642562866
   0.930529236793518
  -0.365740925073624
   1.091885805130005
  -0.778822720050812
   0.478374958038330
   0.445973545312881
   0.865063130855560
   0.086124151945114
   1.249134659767151
  -1.158635139465332
  -0.504669129848480
   0.295842170715332
   0.726067602634430
   0.350708812475204
   1.045624971389771
  -0.425451576709747
   1.060274839401245
  -0.701491296291351
   0.629156410694122
   0.235379710793495
   1.111181855201721
  -0.658001244068146
   0.727202653884888
   0.062246445566416
   1.212736368179321
  -1.040347337722778
  -0.151430711150169
   0.655792057514191
   0.352482259273529
   1.022796392440796
  -0.358812779188156
   1.126593708992004
  -0.884542584419250
   0.242596313357353
   0.652243077754974
   0.477189451456070
   0.876879274845123
   0.066672675311565
   1.256840467453003
  -1.191505312919617
  -0.610506772994995
   0.120742484927177
   0.796437740325928
   0.148184433579445
   1.208189249038696
  -0.999154448509216
  -0.035176686942577
   0.698521316051483
   0.306342154741287
   1.078172683715820
  -0.535536229610443
   0.921933114528656
  -0.350605785846710
   1.104485750198364
  -0.813026010990143
   0.405929923057556
   0.525401473045349
   0.735313594341278
   0.400659918785095
   0.995854377746582
  -0.268218338489532
   1.198038816452026
  -1.089881300926208
  -0.303566098213196
   0.544022321701050
   0.494585752487183
   0.820745587348938
   0.205303072929382
   1.187214612960815
  -0.911679029464722
   0.192542284727097
   0.674594759941101
   0.420653373003006
   0.954649448394775
  -0.149701789021492
   1.255019903182983
  -1.250015497207642
  -0.811048269271851
  -0.295923650264740
   0.634086370468140
   0.348331183195114
   1.020357489585876
  -0.353081822395325
   1.131573796272278
  -0.898567497730255
   0.209079176187515
   0.669229984283447
   0.435707479715347
   0.934991598129272
  -0.093180760741234
   1.268341779708862
  -1.280121445655823
  -0.913692772388458
  -0.552804708480835
   0.298061877489090
   0.709781348705292
   0.384113162755966
   1.006374359130859
  -0.302671134471893
   1.173658609390259
  -1.019265651702881
  -0.102365888655186
   0.679549992084503
   0.322786778211594
   1.057997107505798
  -0.470265001058578
   1.007790327072144
  -0.562977373600006
   0.858616173267365
  -0.201003640890121
   1.201021432876587
  -1.079734563827515
  -0.271850973367691
   0.572615504264832
   0.459400773048401
   0.876315951347351
   0.062718726694584
   1.257387638092041
  -1.194617509841919
  -0.620739102363586
   0.102170892059803
   0.799163818359375
   0.136523336172104
   1.213655114173889
  -1.021185278892517
  -0.095850601792336
   0.680782139301300
   0.322394758462906
   1.058720946311951
  -0.472527623176575
   1.005020976066589
  -0.555852293968201
   0.868945777416229
  -0.223849162459373
   1.190531969070435
  -1.051467657089233
  -0.190658345818520
   0.633668839931488
   0.380651831626892
   0.987246513366699
  -0.250322401523590
   1.208448171615601
  -1.119582533836365
  -0.392316609621048
   0.448647975921631
   0.600506007671356
   0.629743933677673
   0.624943435192108
   0.642147183418274
   0.610188841819763
   0.671381533145905
   0.552002251148224
   0.774825394153595
   0.325104534626007
   1.084477424621582
  -0.548996448516846
   0.903387308120728
  -0.307251006364822
   1.138851761817932
  -0.907951951026917
   0.187528073787689
   0.678380906581879
   0.411977499723434
   0.965898633003235
  -0.182550981640816
   1.243114829063416
  -1.218233585357666
  -0.704795837402344
  -0.060902122408152
   0.783368587493896
   0.122596479952335
   1.213968753814697
  -1.026429295539856
  -0.110789299011230
   0.674887239933014
   0.329101294279099
   1.050835490226746
  -0.447226941585541
   1.035233974456787
  -0.634561240673065
   0.746835052967072
   0.028763996437192
   1.222892165184021
  -1.085022091865540
  -0.281314462423325
   0.563700437545776
   0.470744222402573
   0.858869969844818
   0.108502589166164
   1.241178989410400
  -1.124184608459473
  -0.396953731775284
   0.442143440246582
   0.607226729393005
   0.616429030895233
   0.650189399719238
   0.593083977699280
   0.702608764171600
   0.486802488565445
   0.879015326499939
   0.064305633306503
   1.257915258407593
  -1.195999383926392
  -0.625205755233765
   0.093965053558350
   0.800077080726624
   0.132016852498055
   1.215623259544373
  -1.029230833053589
  -0.118355587124825
   0.671619474887848
   0.332991510629654
   1.046249151229858
  -0.432594746351242
   1.051881194114685
  -0.678814113140106
   0.670460343360901
   0.167031869292259
   1.162078619003296
  -0.840487837791443
   0.359635859727859
   0.566780507564545
   0.658154547214508
   0.563599765300751
   0.752743780612946
   0.375807464122772
   1.028099417686462
  -0.367041528224945
   1.119822502136230
  -0.865715861320496
   0.286697208881378
   0.625211834907532
   0.538763403892517
   0.781191170215607
   0.307265520095825
   1.102180361747742
  -0.608542501926422
   0.812200546264648
  -0.106100372970104
   1.227899909019470
  -1.142663598060608
  -0.459582179784775
   0.361498832702637
   0.679171383380890
   0.462666392326355
   0.904067158699036
  -0.005472477525473
   1.271178245544434
  -1.263893485069275
  -0.855043947696686
  -0.402708232402802
   0.516443312168121
   0.505788385868073
   0.796782314777374
   0.262929618358612
   1.142249941825867
  -0.747750043869019
   0.559892773628235
   0.336803108453751
   1.009156942367554
  -0.324715912342072
   1.155130505561829
  -0.965471863746643
   0.041548851877451
   0.707941591739655
   0.310810834169388
   1.077137708663940
  -0.531072676181793
   0.928287863731384
  -0.365727514028549
   1.091227054595947
  -0.776805341243744
   0.482570946216583
   0.440933793783188
   0.872579634189606
   0.066326834261417
   1.255614876747131
  -1.187298178672791
  -0.596863269805908
   0.145066469907761
   0.791479051113129
   0.166505217552185
   1.198630094528198
  -0.961448192596436
   0.065453365445137
   0.705567777156830
   0.322679758071899
   1.065899252891541
  -0.493793785572052
   0.978404521942139
  -0.488323718309402
   0.959677278995514
  -0.435869783163071
   1.021927714347839
  -0.592831671237946
   0.814549148082733
  -0.106735944747925
   1.228415131568909
  -1.144626021385193
  -0.465711683034897
   0.352969855070114
   0.685863673686981
   0.447318375110626
   0.925627887248993
  -0.065306276082993
   1.271717429161072
  -1.283763170242310
  -0.925751805305481
  -0.584951937198639
   0.243238180875778
   0.741683661937714
   0.302838951349258
   1.094109058380127
  -0.585052788257599
   0.849031209945679
  -0.184711426496506
   1.206943750381470
  -1.094811916351318
  -0.315975248813629
   0.531779885292053
   0.509301662445068
   0.796390533447266
   0.264857470989227
   1.140707850456238
  -0.742242932319641
   0.570917963981628
   0.321000874042511
   1.027017235755920
  -0.380369901657104
   1.105551362037659
  -0.825252294540405
   0.378207504749298
   0.552167057991028
   0.686618387699127
   0.505627393722534
   0.848062813282013
   0.144793465733528
   1.225067615509033
  -1.057668924331665
  -0.198608696460724
   0.627475738525391
   0.389201253652573
   0.976174056529999
  -0.217321723699570
   1.226732015609741
  -1.172016501426697
  -0.555052161216736
   0.217078998684883
   0.767511725425720
   0.240419745445251
   1.149331212043762
  -0.777221202850342
   0.499097466468811
   0.418096035718918
   0.905003249645233
  -0.021214423701167
   1.270870923995972
  -1.267522335052490
  -0.867996752262115
  -0.435042411088943
   0.474634319543839
   0.554098427295685
   0.712555229663849
   0.455400586128235
   0.923421025276184
  -0.057168766856194
   1.272450685501099
  -1.283933639526367
  -0.926144599914551
  -0.586021423339844
   0.241367056965828
   0.742632269859314
   0.300306349992752
   1.096532225608826
  -0.593244194984436
   0.836245536804199
  -0.157002493739128
   1.216363906860352
  -1.118458390235901
  -0.386419653892517
   0.455414265394211
   0.593711078166962
   0.643134295940399
   0.599042892456055
   0.690546929836273
   0.512115776538849
   0.839996457099915
   0.165803059935570
   1.213512063026428
  -1.011915206909180
  -0.069507732987404
   0.689661562442780
   0.313261389732361
   1.069512724876404
  -0.507422029972076
   0.960385859012604
  -0.443504005670547
   1.012741684913635
  -0.568955183029175
   0.850628495216370
  -0.183682933449745
   1.207953333854675
  -1.097916603088379
  -0.325203239917755
   0.522565007209778
   0.520135164260864
   0.778012692928314
   0.308615297079086
   1.100063085556030
  -0.601609706878662
   0.823311030864716
  -0.129460379481316
   1.223529338836670
  -1.134671807289124
  -0.435413330793381
   0.394179791212082
   0.651847183704376
   0.523387312889099
   0.812046170234680
   0.233829617500305
   1.167067050933838
  -0.836714804172516
   0.369991809129715
   0.557334065437317
   0.676127791404724
   0.527191936969757
   0.813734471797943
   0.231128275394440
   1.169331908226013
  -0.844933450222015
   0.351322025060654
   0.573721945285797
   0.644576966762543
   0.590445339679718
   0.705297112464905
   0.480711966753006
   0.888071537017822
   0.040074110031128
   1.264173150062561
  -1.225365042686462
  -0.722875297069550
  -0.099177673459053
   0.769366741180420
   0.141551449894905
   1.202758431434631
  -0.982813537120819
   0.008536106906831
   0.705053925514221
   0.306619375944138
   1.079894542694092
  -0.540655314922333
   0.914736926555634
  -0.333637684583664
   1.118581295013428
  -0.851805090904236
   0.319773703813553
   0.601301133632660
   0.589743852615356
   0.693473398685455
   0.503655672073364
   0.852905392646790
   0.132670044898987
   1.231229782104492
  -1.082496523857117
  -0.271149277687073
   0.572320342063904
   0.460084408521652
   0.875347375869751
   0.065299086272717
   1.256634593009949
  -1.191192984580994
  -0.609526634216309
   0.122510306537151
   0.796129703521729
   0.149401590228081
   1.207589745521545
  -0.996761739253998
  -0.028670638799667
   0.699820697307587
   0.305750191211700
   1.079069733619690
  -0.538423001766205
   0.917861878871918
  -0.340985506772995
   1.112578988075256
  -0.835260450839996
   0.357049673795700
   0.570943593978882
   0.650747656822205
   0.578421592712402
   0.726824164390564
   0.433943778276443
   0.954417169094086
  -0.145093858242035
   1.256852030754089
  -1.255076050758362
  -0.828246653079987
  -0.336912333965302
   0.592612087726593
   0.407261580228806
   0.945576846599579
  -0.129583328962326
   1.260164499282837
  -1.262095332145691
  -0.851989150047302
  -0.394868314266205
   0.526113867759705
   0.494025379419327
   0.816148638725281
   0.215669572353363
   1.179725885391235
  -0.883753538131714
   0.260489344596863
   0.639877378940582
   0.504926502704620
   0.835032105445862
   0.175287887454033
   1.207493424415588
  -0.988670170307159
  -0.006208154838532
   0.703345000743866
   0.305565685033798
   1.080284953117371
  -0.542152106761932
   0.912585020065308
  -0.328581631183624
   1.122623324394226
  -0.862970888614655
   0.294180721044540
   0.619949519634247
   0.550181865692139
   0.762204706668854
   0.351716130971909
   1.055475473403931
  -0.454125016927719
   1.027921319007874
  -0.615508615970612
   0.777985215187073
  -0.032017976045609
   1.231960296630859
  -1.134422063827515
  -0.432090699672699
   0.398290067911148
   0.648283839225769
   0.531106293201447
   0.799581706523895
   0.264268606901169
   1.142101407051086
  -0.746873259544373
   0.561682879924774
   0.334255307912827
   1.012087583541870
  -0.333773195743561
   1.147659897804260
  -0.944104492664337
   0.096431367099285
   0.703750014305115
   0.335559695959091
   1.053484559059143
  -0.453093707561493
   1.028633952140808
  -0.617251038551331
   0.775191783905029
  -0.026466537266970
   1.231576919555664
  -1.131434321403503
  -0.422728002071381
   0.410391151905060
   0.637392342090607
   0.554340720176697
   0.761006593704224
   0.355518758296967
   1.051350951194763
  -0.440818727016449
   1.043355703353882
  -0.656273186206818
   0.710034430027008
   0.097309604287148
   1.199753522872925
  -0.985979020595551
  -0.001090435776860
   0.704204618930817
   0.305407077074051
   1.080678462982178
  -0.543390214443207
   0.910821437835693
  -0.324451029300690
   1.125870585441589
  -0.871953725814819
   0.273336529731750
   0.633815884590149
   0.519589364528656
   0.812182426452637
   0.232380405068398
   1.168053865432739
  -0.840375661849976
   0.361692398786545
   0.564737379550934
   0.662008106708527
   0.555864572525024
   0.766022861003876
   0.345251947641373
   1.062928438186646
  -0.478168010711670
   0.998776018619537
  -0.540025353431702
   0.891354501247406
  -0.274325579404831
   1.162050008773804
  -0.972801983356476
   0.023733811452985
   0.707370817661285
   0.306597292423248
   1.080608606338501
  -0.542821764945984
   0.911664903163910
  -0.326432585716248
   1.124317884445190
  -0.867656767368317
   0.283335775136948
   0.627312123775482
   0.534072041511536
   0.788867533206940
   0.288984835147858
   1.119743108749390
  -0.668659031391144
   0.709976077079773
   0.093709856271744
   1.200698614120483
  -0.990235090255737
  -0.012582163326442
   0.702707827091217
   0.304907739162445
   1.080656170845032
  -0.543472528457642
   0.910689473152161
  -0.324139207601547
   1.126114130020142
  -0.872628033161163
   0.271762669086456
   0.634814679622650
   0.517343223094940
   0.815742790699005
   0.223592147231102
   1.174731969833374
  -0.864915609359741
   0.305108964443207
   0.610197246074677
   0.570255756378174
   0.727790892124176
   0.429525315761566
   0.960048496723175
  -0.161512762308121
   1.251493692398071
  -1.241184830665588
  -0.781307578086853
  -0.226973608136177
   0.693483889102936
   0.258620053529739
   1.114407062530518
  -0.661078333854675
   0.722487747669220
   0.070892535150051
   1.209710240364075
  -1.027490615844727
  -0.115118682384491
   0.673199594020844
   0.330987632274628
   1.048585891723633
  -0.440049022436142
   1.043475389480591
  -0.656391978263855
   0.709852039813995
   0.097636520862579
   1.199609518051147
  -0.985397219657898
   0.000472108658869
   0.704380512237549
   0.305528968572617
   1.080627083778381
  -0.543198168277740
   0.911098182201385
  -0.325099319219589
   1.125364065170288
  -0.870551764965057
   0.276604712009430
   0.631720244884491
   0.524282753467560
   0.804694712162018
   0.250737816095352
   1.153391122817993
  -0.787214159965515
   0.478428751230240
   0.443384051322937
   0.868303418159485
   0.077484056353569
   1.252085685729980
  -1.171560764312744
  -0.545950770378113
   0.231244623661041
   0.761351048946381
   0.257855802774429
   1.135319828987122
  -0.727174818515778
   0.600299477577209
   0.277344316244125
   1.072402000427246
  -0.526861190795898
   0.933104813098907
  -0.377016782760620
   1.080933094024658
  -0.748887956142426
   0.539113521575928
   0.368432879447937
   0.971694171428680
  -0.211335524916649
   1.228980422019958
  -1.177950739860535
  -0.573900997638702
   0.185507491230965
   0.779651463031769
   0.204653277993202
   1.175259232521057
  -0.872331976890564
   0.287229478359222
   0.622799336910248
   0.543138206005096
   0.773841023445129
   0.324579566717148
   1.084659695625305
  -0.549707472324371
   0.902348279953003
  -0.304837614297867
   1.140608072280884
  -0.912832796573639
   0.175613224506378
   0.682974159717560
   0.399648785591125
   0.981285452842712
  -0.228194952011108
   1.221483588218689
  -1.157289505004883
  -0.508601546287537
   0.290667384862900
   0.729137003421783
   0.342903137207031
   1.054125547409058
  -0.452782005071640
   1.029221534729004
  -0.618850350379944
   0.772600412368774
  -0.021331058815122
   1.231143116950989
  -1.128398060798645
  -0.413252145051956
   0.422392308712006
   0.626242995262146
   0.577665269374847
   0.720696866512299
   0.446134030818939
   0.937559247016907
  -0.096784077584743
   1.268153786659241
  -1.280534863471985
  -0.915231227874756
  -0.556867957115173
   0.291287958621979
   0.714151442050934
   0.373369187116623
   1.019079089164734
  -0.341920316219330
   1.142050385475159
  -0.928566813468933
   0.135484263300896
   0.695731580257416
   0.362985879182816
   1.024257183074951
  -0.359848111867905
   1.125990271568298
  -0.882950186729431
   0.246355623006821
   0.650147378444672
   0.482138425111771
   0.869603753089905
   0.085946574807167
   1.250539541244507
  -1.163604855537415
  -0.520404934883118
   0.271768718957901
   0.740476965904236
   0.313902020454407
   1.084194779396057
  -0.551499068737030
   0.899446725845337
  -0.298055887222290
   1.145461797714233
  -0.926332592964172
   0.142309635877609
   0.693747401237488
   0.368893265724182
   1.017609119415283
  -0.339071661233902
   1.144325256347656
  -0.934993922710419
   0.119398482143879
   0.699543416500092
   0.350714147090912
   1.037662386894226
  -0.402226269245148
   1.084798336029053
  -0.768170297145844
   0.499319672584534
   0.420500725507736
   0.902246713638306
  -0.013518564403057
   1.270418167114258
  -1.263602852821350
  -0.854243576526642
  -0.400705784559250
   0.518935739994049
   0.502776265144348
   0.801783144474030
   0.250834167003632
   1.152450084686279
  -0.784147441387177
   0.484892934560776
   0.435586154460907
   0.879838466644287
   0.046913832426071
   1.260870218276978
  -1.211637020111084
  -0.677028894424438
  -0.005206491332501
   0.796853363513947
   0.109472654759884
   1.222277998924255
  -1.058707118034363
  -0.202521666884422
   0.624966800212860
   0.392426609992981
   0.971891939640045
  -0.204675540328026
   1.232918739318848
  -1.189526677131653
  -0.611087620258331
   0.120342671871185
   0.796398401260376
   0.148152217268944
   1.208190798759460
  -0.999169349670410
  -0.035217899829149
   0.698512792587280
   0.306346446275711
   1.078166484832764
  -0.535516202449799
   0.921961307525635
  -0.350672572851181
   1.104428648948669
  -0.812869489192963
   0.406269073486328
   0.525062799453735
   0.735913395881653
   0.399322897195816
   0.997531712055206
  -0.273300439119339
   1.194689154624939
  -1.080185174942017
  -0.275113254785538
   0.569982230663300
   0.462634384632111
   0.871351838111877
   0.075834676623344
   1.253354310989380
  -1.176505446434021
  -0.561824798583984
   0.205142408609390
   0.772535800933838
   0.226006537675858
   1.160250186920166
  -0.816850721836090
   0.413931906223297
   0.515069305896759
   0.752764642238617
   0.361204355955124
   1.043173313140869
  -0.415133476257324
   1.071681857109070
  -0.732442855834961
   0.570443034172058
   0.324699789285660
   1.023530960083008
  -0.369251936674118
   1.116173505783081
  -0.854956209659576
   0.311521857976913
   0.607648909091949
   0.576524496078491
   0.716961979866028
   0.453309059143066
   0.927403867244720
  -0.068116381764412
   1.271725416183472
  -1.284634709358215
  -0.928883254528046
  -0.593344151973724
   0.228454828262329
   0.748928487300873
   0.283285021781921
   1.112327933311462
  -0.647197306156158
   0.747288286685944
   0.024025108665228
   1.223378419876099
  -1.088109135627747
  -0.290560573339462
   0.555371642112732
   0.481019109487534
   0.842680335044861
   0.150151535868645
   1.221240401268005
  -1.042953848838806
  -0.156481713056564
   0.652832686901093
   0.356388747692108
   1.018031716346741
  -0.344027370214462
   1.139712810516357
  -0.921731591224670
   0.152489066123962
   0.690926432609558
   0.377415657043457
   1.007858276367188
  -0.308864921331406
   1.168800950050354
  -1.005193352699280
  -0.063938848674297
   0.692718505859375
   0.309015840291977
   1.074128508567810
  -0.522548139095306
   0.939959406852722
  -0.393697619438171
   1.064990878105164
  -0.705997109413147
   0.621692597866058
   0.247098505496979
   1.101027011871338
  -0.623035132884979
   0.786866247653961
  -0.053732428699732
   1.232017874717712
  -1.141134977340698
  -0.453459292650223
   0.369784027338028
   0.672525882720947
   0.477727711200714
   0.882244467735291
   0.053620889782906
   1.260648131370544
  -1.208840966224670
  -0.667620599269867
   0.013343527913094
   0.799464523792267
   0.109202124178410
   1.223144173622131
  -1.061753749847412
  -0.211306199431419
   0.618963420391083
   0.400246143341064
   0.961413264274597
  -0.173967808485031
   1.246053218841553
  -1.225898385047913
  -0.730141639709473
  -0.114119052886963
   0.762725055217743
   0.151314973831177
   1.196762800216675
  -0.959743201732635
   0.069479025900364
   0.705318808555603
   0.324379235506058
   1.064285039901733
  -0.488469928503036
   0.985241472721100
  -0.505522072315216
   0.937798857688904
  -0.382910013198853
   1.076071500778198
  -0.735974848270416
   0.564498841762543
   0.333085030317307
   1.014025807380676
  -0.339622169733047
   1.142727255821228
  -0.930042445659637
   0.131847634911537
   0.696649968624115
   0.360104650259018
   1.027449488639832
  -0.369882047176361
   1.116697072982788
  -0.856781899929047
   0.307303816080093
   0.610755562782288
   0.569959819316864
   0.728430807590485
   0.428131937980652
   0.961913526058197
  -0.166949108242989
   1.249553203582764
  -1.236021280288696
  -0.763982117176056
  -0.187942534685135
   0.721354007720947
   0.215124994516373
   1.151615977287292
  -0.792169630527496
   0.466938972473145
   0.457104295492172
   0.847559630870819
   0.131431028246880
   1.230084180831909
  -1.078920602798462
  -0.260672271251678
   0.581193804740906
   0.448897570371628
   0.892245531082153
   0.020126352086663
   1.267106533050537
  -1.241744637489319
  -0.778569698333740
  -0.221162483096123
   0.697951138019562
   0.251661151647568
   1.120718717575073
  -0.682916283607483
   0.683291077613831
   0.141483739018440
   1.176962614059448
  -0.896892249584198
   0.226906806230545
   0.658850967884064
   0.460353612899780
   0.900959670543671
   0.001686418778263
   1.270283937454224
  -1.258563876152039
  -0.836491048336029
  -0.357173353433609
   0.570450723171234
   0.437268346548080
   0.903450191020966
  -0.011530636809766
   1.270848870277405
  -1.264538764953613
  -0.857426941394806
  -0.408614963293076
   0.509019255638123
   0.514674663543701
   0.781859755516052
   0.298575848340988
   1.109751343727112
  -0.634594500064850
   0.769131183624268
  -0.018566241487861
   1.230256795883179
  -1.124514341354370
  -0.401268482208252
   0.437222748994827
   0.611990213394165
   0.606822013854980
   0.668070912361145
   0.557200372219086
   0.765760123729706
   0.346216112375259
   1.061916232109070
  -0.474867671728134
   1.002875804901123
  -0.550524115562439
   0.876555204391479
  -0.240845859050751
   1.181757211685181
  -1.027423858642578
  -0.123312525451183
   0.670484483242035
   0.333637028932571
   1.045306205749512
  -0.429639995098114
   1.055165171623230
  -0.687614977359772
   0.654609441757202
   0.193796575069427
   1.143802881240845
  -0.773460090160370
   0.505604147911072
   0.410072207450867
   0.916258335113525
  -0.052319407463074
   1.271045207977295
  -1.277474164962769
  -0.903402805328369
  -0.525833547115326
   0.341877877712250
   0.678617238998413
   0.457833468914032
   0.910129070281982
  -0.022318856790662
   1.272341370582581
  -1.273089289665222
  -0.887356460094452
  -0.484288871288300
   0.405443042516708
   0.624575674533844
   0.575500249862671
   0.723691940307617
   0.439428031444550
   0.946771800518036
  -0.123099163174629
   1.262816786766052
  -1.269518494606018
  -0.877503037452698
  -0.458871781826019
   0.441960453987122
   0.588877797126770
   0.647100269794464
   0.590429067611694
   0.706080973148346
   0.479158252477646
   0.890394628047943
   0.033823847770691
   1.265516757965088
  -1.231998562812805
  -0.745293617248535
  -0.147247180342674
   0.746057510375977
   0.176583319902420
   1.180162906646729
  -0.896923303604126
   0.227788895368576
   0.658280074596405
   0.461670935153961
   0.899087965488434
   0.006798448972404
   1.269661664962769
  -1.254817485809326
  -0.823495209217072
  -0.325847327709198
   0.604304373264313
   0.390988528728485
   0.967270493507385
  -0.192560523748398
   1.238269805908203
  -1.204405069351196
  -0.659347236156464
   0.030044201761484
   0.800932109355927
   0.110924117267132
   1.223053812980652
  -1.060927629470825
  -0.208878263831139
   0.620639562606812
   0.398065656423569
   0.964353084564209
  -0.182547926902771
   1.242652654647827
  -1.216624259948730
  -0.699448645114899
  -0.049907054752111
   0.786678433418274
   0.118619740009308
   1.216304659843445
  -1.035569906234741
  -0.136475637555122
   0.663253188133240
   0.343190610408783
   1.034084200859070
  -0.394105017185211
   1.092778921127319
  -0.790063560009003
   0.453953087329865
   0.474478155374527
   0.821004629135132
   0.198675408959389
   1.191040754318237
  -0.926406681537628
   0.155791163444519
   0.688098728656769
   0.383865535259247
   1.000135779380798
  -0.285220533609390
   1.186149716377258
  -1.055297732353210
  -0.203269705176353
   0.625564694404602
   0.391155421733856
   0.973465800285339
  -0.209343299269676
   1.230685234069824
  -1.183223605155945
  -0.590819776058197
   0.156337708234787
   0.788536012172699
   0.176396653056145
   1.192998766899109
  -0.939625501632690
   0.121845118701458
   0.697327613830566
   0.355781406164169
   1.031985759735107
  -0.384258031845093
   1.102879762649536
  -0.818158686161041
   0.393726825714111
   0.537523269653320
   0.713614284992218
   0.448313504457474
   0.932705283164978
  -0.083420753479004
   1.270069003105164
  -1.283331632614136
  -0.924695432186127
  -0.582085788249969
   0.248237952589989
   0.739103317260742
   0.309688180685043
   1.087461471557617
  -0.562694966793060
   0.882962584495544
  -0.260280579328537
   1.170044422149658
  -0.994689702987671
  -0.034157313406467
   0.699959695339203
   0.303831785917282
   1.080748677253723
  -0.544075250625610
   0.909799575805664
  -0.322051942348480
   1.127735376358032
  -0.877117514610291
   0.261251419782639
   0.641311526298523
   0.502582788467407
   0.838768184185028
   0.165829941630363
   1.213131070137024
  -1.010612845420837
  -0.065934337675571
   0.690729856491089
   0.312268882989883
   1.070702314376831
  -0.511284172534943
   0.955234587192535
  -0.430847615003586
   1.026688814163208
  -0.604980170726776
   0.795605242252350
  -0.067676842212677
   1.232269406318665
  -1.146186113357544
  -0.469558835029602
   0.347464472055435
   0.690108180046082
   0.437490314245224
   0.939075589179993
  -0.103361055254936
   1.266765713691711
  -1.277581810951233
  -0.905071675777435
  -0.530091166496277
   0.335083186626434
   0.683779597282410
   0.445948600769043
   0.926715672016144
  -0.068538136780262
   1.271438241004944
  -1.283738732337952
  -0.925747752189636
  -0.584934055805206
   0.243268683552742
   0.741668283939362
   0.302880018949509
   1.094069719314575
  -0.584919989109039
   0.849236965179443
  -0.185160785913467
   1.206772804260254
  -1.094369053840637
  -0.314669221639633
   0.533065855503082
   0.507776319980621
   0.798948228359222
   0.258687317371368
   1.145997643470764
  -0.761028647422791
   0.532968878746033
   0.374013245105743
   0.964050412178040
  -0.188946500420570
   1.239233970642090
  -1.206665158271790
  -0.666686952114105
   0.015740370377898
   0.799647033214569
   0.109512582421303
   1.223103880882263
  -1.061522603034973
  -0.210631161928177
   0.619431555271149
   0.399637013673782
   0.962235808372498
  -0.176365748047829
   1.245123863220215
  -1.223376512527466
  -0.721772968769073
  -0.096351653337479
   0.770471036434174
   0.140018641948700
   1.203693985939026
  -0.986425280570984
  -0.001140584005043
   0.704070568084717
   0.305656313896179
   1.080425024032593
  -0.542548656463623
   0.912024855613708
  -0.327269673347473
   1.123659849166870
  -0.865836918354034
   0.287554949522018
   0.624485909938812
   0.540290772914886
   0.778666019439697
   0.313238143920898
   1.096234440803528
  -0.588450491428375
   0.844086766242981
  -0.174010604619980
   1.210834503173828
  -1.104771494865417
  -0.345477730035782
   0.501471757888794
   0.544293165206909
   0.735684454441071
   0.405563682317734
   0.990430653095245
  -0.251664936542511
   1.208459854125977
  -1.120024800300598
  -0.393699824810028
   0.446993172168732
   0.602165997028351
   0.626452505588531
   0.631229937076569
   0.630104005336761
   0.633525490760803
   0.627134859561920
   0.639440238475800
   0.615703105926514
   0.661105632781982
   0.572826027870178
   0.738950133323669
   0.407381594181061
   0.989341378211975
  -0.248100429773331
   1.210627079010010
  -1.126295208930969
  -0.412769138813019
   0.423581719398499
   0.624979197978973
   0.580235898494720
   0.716150581836700
   0.456050455570221
   0.923670351505280
  -0.057618554681540
   1.272453188896179
  -1.284077525138855
  -0.926661193370819
  -0.587404608726501
   0.238939791917801
   0.743849515914917
   0.297044992446899
   1.099624872207642
  -0.603731334209442
   0.819599330425262
  -0.121559686958790
   1.225192308425903
  -1.138002634048462
  -0.445512294769287
   0.380725502967834
   0.663413643836975
   0.498052924871445
   0.851744711399078
   0.133759200572968
   1.230475306510925
  -1.079569458961487
  -0.262515723705292
   0.579648852348328
   0.450855374336243
   0.889315843582153
   0.028020881116390
   1.265695452690125
  -1.234372735023499
  -0.753437817096710
  -0.165047794580460
   0.735831558704376
   0.192458346486092
   1.168893218040466
  -0.855098366737366
   0.326997458934784
   0.593772232532501
   0.604507565498352
   0.666530489921570
   0.559384226799011
   0.761884152889252
   0.355160832405090
   1.051970362663269
  -0.442750066518784
   1.041152477264404
  -0.650422871112823
   0.720075845718384
   0.078960224986076
   1.207294106483459
  -1.016894578933716
  -0.085516199469566
   0.684693396091461
   0.318018078804016
   1.063818335533142
  -0.488987803459167
   0.984392821788788
  -0.503337264060974
   0.940630078315735
  -0.389700114727020
   1.069576382637024
  -0.718501150608063
   0.598131418228149
   0.283583968877792
   1.066851615905762
  -0.508366107940674
   0.958244919776917
  -0.438036501407623
   1.018847107887268
  -0.584680140018463
   0.827062904834747
  -0.133050307631493
   1.223335504531860
  -1.135084748268127
  -0.436783701181412
   0.392382591962814
   0.653415143489838
   0.519982874393463
   0.817489445209503
   0.220390275120735
   1.177246212959290
  -0.874155044555664
   0.283367991447449
   0.625337123870850
   0.537545263767242
   0.783064246177673
   0.302798122167587
   1.106557846069336
  -0.623418927192688
   0.787855744361877
  -0.056029025465250
   1.231961727142334
  -1.141630291938782
  -0.455059081315994
   0.367600619792938
   0.674299955368042
   0.473727583885193
   0.888105034828186
   0.037895500659943
   1.264420986175537
  -1.226895928382874
  -0.728056788444519
  -0.110162146389484
   0.764593005180359
   0.148507907986641
   1.198501467704773
  -0.966415703296661
   0.052007410675287
   0.706288635730743
   0.317221134901047
   1.071005582809448
  -0.510707795619965
   0.956150233745575
  -0.433124929666519
   1.024209022521973
  -0.598543226718903
   0.805707097053528
  -0.088392466306686
   1.230773568153381
  -1.147242784500122
  -0.473400354385376
   0.342076122760773
   0.694157361984253
   0.428026616573334
   0.951757729053497
  -0.139771893620491
   1.258176684379578
  -1.258143544197083
  -0.838642239570618
  -0.362092196941376
   0.564852297306061
   0.444690972566605
   0.892605602741241
   0.017964627593756
   1.267329812049866
  -1.243185400962830
  -0.783514976501465
  -0.232409626245499
   0.689325571060181
   0.265039473772049
   1.108453392982483
  -0.640624642372131
   0.757976114749908
   0.003473694669083
   1.227375984191895
  -1.107990384101868
  -0.350486963987350
   0.495625346899033
   0.550951659679413
   0.723720788955688
   0.432005017995834
   0.955836594104767
  -0.149471521377563
   1.255472540855408
  -1.251537322998047
  -0.816242218017578
  -0.308213084936142
   0.622133910655975
   0.365665227174759
   0.999444663524628
  -0.288745909929276
   1.183109521865845
  -1.046271204948425
  -0.177623957395554
   0.641948282718658
   0.369776189327240
   1.001156330108643
  -0.292306751012802
   1.180726408958435
  -1.039452791213989
  -0.158429026603699
   0.653024494647980
   0.355453908443451
   1.019020915031433
  -0.347128897905350
   1.137008428573608
  -0.914042115211487
   0.171440362930298
   0.684638857841492
   0.395209610462189
   0.986724793910980
  -0.244513258337975
   1.212316036224365
  -1.130948185920715
  -0.426966488361359
   0.405495017766953
   0.641713380813599
   0.545134007930756
   0.776474475860596
   0.319462537765503
   1.090063452720642
  -0.567694902420044
   0.875830531120300
  -0.244219243526459
   1.179248929023743
  -1.020145058631897
  -0.103199653327465
   0.679046273231506
   0.323494732379913
   1.057205557823181
  -0.467708617448807
   1.010909795761108
  -0.571026623249054
   0.846772968769073
  -0.175142228603363
   1.211087226867676
  -1.105967879295349
  -0.349104762077332
   0.497585862874985
   0.548640191555023
   0.727867305278778
   0.422884911298752
   0.967995882034302
  -0.184956967830658
   1.242506027221680
  -1.216836810112000
  -0.700216770172119
  -0.051475968211889
   0.786225259304047
   0.119146987795830
   1.215993165969849
  -1.034350991249084
  -0.133036807179451
   0.664916396141052
   0.341129630804062
   1.036557674407959
  -0.401893645524979
   1.084841370582581
  -0.768201231956482
   0.499266028404236
   0.420566439628601
   0.902153253555298
  -0.013262755237520
   1.270399689674377
  -1.263460397720337
  -0.853745162487030
  -0.399471253156662
   0.520468235015869
   0.500916540622711
   0.804856121540070
   0.243364229798317
   1.158540248870850
  -0.806092441082001
   0.437863051891327
   0.489758610725403
   0.795550048351288
   0.260867744684219
   1.143392205238342
  -0.752023696899414
   0.551262199878693
   0.348946869373322
   0.994909167289734
  -0.281097888946533
   1.187850356101990
  -1.059713244438171
  -0.215833917260170
   0.616868019104004
   0.402513206005096
   0.958236753940582
  -0.164750784635544
   1.249471068382263
  -1.235074400901794
  -0.760730981826782
  -0.180718600749969
   0.726057827472687
   0.207760468125343
   1.157387137413025
  -0.813034832477570
   0.421780228614807
   0.507031559944153
   0.766620695590973
   0.329319268465042
   1.078154563903809
  -0.528588414192200
   0.932278394699097
  -0.375376731157303
   1.082412719726563
  -0.752877235412598
   0.531170010566711
   0.379138618707657
   0.958106458187103
  -0.171413600444794
   1.246296286582947
  -1.225980281829834
  -0.730349838733673
  -0.114569336175919
   0.762518465518951
   0.151621028780937
   1.196570992469788
  -0.959008693695068
   0.071394555270672
   0.705161333084106
   0.325264871120453
   1.063432216644287
  -0.485663861036301
   0.988812506198883
  -0.514549374580383
   0.925978302955627
  -0.354774951934814
   1.101582169532776
  -0.805309057235718
   0.422542899847031
   0.508447766304016
   0.764836072921753
   0.333570420742035
   1.073673963546753
  -0.513814985752106
   0.952494025230408
  -0.424287319183350
   1.033720612525940
  -0.623295843601227
   0.766219377517700
  -0.008917744271457
   1.229754447937012
  -1.119889736175537
  -0.386887878179550
   0.454477965831757
   0.594763338565826
   0.641102612018585
   0.603011429309845
   0.683258891105652
   0.527323663234711
   0.815679311752319
   0.226731270551682
   1.172733902931213
  -0.857407331466675
   0.322613894939423
   0.597066164016724
   0.597700953483582
   0.678974866867065
   0.533900678157806
   0.804622530937195
   0.253785818815231
   1.151216626167297
  -0.779283881187439
   0.495168268680573
   0.422946572303772
   0.898113131523132
  -0.002366107190028
   1.269426107406616
  -1.256729483604431
  -0.830288767814636
  -0.342150062322617
   0.587020039558411
   0.414925456047058
   0.935077607631683
  -0.099640548229218
   1.266623735427856
  -1.275962114334106
  -0.899323940277100
  -0.515085577964783
   0.358764410018921
   0.665277659893036
   0.487997204065323
   0.866185486316681
   0.096010938286781
   1.246950268745422
  -1.148035645484924
  -0.471095114946365
   0.344886451959610
   0.692146122455597
   0.432773172855377
   0.945434153079987
  -0.121552079916000
   1.262945413589478
  -1.269509196281433
  -0.877431392669678
  -0.458692938089371
   0.442211687564850
   0.588620483875275
   0.647599816322327
   0.589446425437927
   0.707854032516479
   0.475353658199310
   0.896010696887970
   0.018636858090758
   1.268316984176636
  -1.246488094329834
  -0.794730484485626
  -0.258181601762772
   0.668260037899017
   0.297345459461212
   1.076697945594788
  -0.533786237239838
   0.924110531806946
  -0.355708241462708
   1.100093483924866
  -0.801000416278839
   0.431785732507706
   0.498685389757156
   0.781373739242554
   0.294842720031738
   1.112707018852234
  -0.644910871982574
   0.751538097858429
   0.015793418511748
   1.225112199783325
  -1.096521854400635
  -0.315770596265793
   0.531447947025299
   0.509857118129730
   0.795498371124268
   0.267012417316437
   1.138835668563843
  -0.735621631145477
   0.584055840969086
   0.301743775606155
   1.047747731208801
  -0.446362286806107
   1.035389304161072
  -0.634752094745636
   0.746542453765869
   0.029318476095796
   1.222759366035461
  -1.084401130676270
  -0.279468327760696
   0.565336108207703
   0.468712627887726
   0.862032711505890
   0.100273236632347
   1.244533181190491
  -1.138326048851013
  -0.440740734338760
   0.386548846960068
   0.658589780330658
   0.508727967739105
   0.835251152515411
   0.175916105508804
   1.207250237464905
  -0.987659573554993
  -0.003484929213300
   0.703685104846954
   0.305712699890137
   1.080261111259460
  -0.542035877704620
   0.912754297256470
  -0.328979343175888
   1.122307896614075
  -0.862098813056946
   0.296192258596420
   0.618548572063446
   0.553214430809021
   0.757099866867065
   0.363484054803848
   1.042160987854004
  -0.411494106054306
   1.075589895248413
  -0.743099331855774
   0.549601674079895
   0.354183405637741
   0.989256262779236
  -0.263824105262756
   1.199332475662231
  -1.092904925346375
  -0.312417894601822
   0.535481631755829
   0.504837810993195
   0.803838789463043
   0.246831834316254
   1.155855298042297
  -0.796352505683899
   0.458908349275589
   0.466258615255356
   0.833316564559937
   0.167694494128227
   1.210624933242798
  -1.001549482345581
  -0.041154418140650
   0.697163999080658
   0.307200968265533
   1.077027797698975
  -0.531824111938477
   0.927136719226837
  -0.362962722778320
   1.093702316284180
  -0.783547461032867
   0.468585431575775
   0.457534521818161
   0.847502648830414
   0.131695330142975
   1.229969620704651
  -1.078446745872498
  -0.259275436401367
   0.582352757453918
   0.447428733110428
   0.894436359405518
   0.014205655083060
   1.268048405647278
  -1.246863722801208
  -0.796122312545776
  -0.261394143104553
   0.665505647659302
   0.301524877548218
   1.072367548942566
  -0.519503533840179
   0.943872749805450
  -0.403105139732361
   1.055670619010925
  -0.681148171424866
   0.667153239250183
   0.172524720430374
   1.158475279808044
  -0.827133536338806
   0.389732748270035
   0.539211690425873
   0.709870874881744
   0.456280171871185
   0.921492993831635
  -0.051925025880337
   1.272673249244690
  -1.283153533935547
  -0.923274219036102
  -0.578355431556702
   0.254724711179733
   0.735654830932617
   0.318754166364670
   1.078450560569763
  -0.532651603221893
   0.926330327987671
  -0.361118495464325
   1.095329880714417